mk	chr.x	cM	mk.chr	start	stop	chr.y	recombinants	ord.by.chr	bin.length	bin.mid	cM.Mb
1.01	1	0	1	1	500000	1	1.11464968152866	1	500000	250001	2.22929936305732
1.02	1	1.033242029	1	500001	1000000	1	2.14968152866242	2	500000	750001	4.29936305732484
1.03	1	3.619233138	1	1000001	1500000	1	2.22929936305732	3	500000	1250001	4.45859872611465
1.04	1	5.513670974	1	1500001	2000000	1	2.86624203821656	4	500000	1750001	5.73248407643312
1.05	1	8.584081331	1	2000001	2500000	1	2.14968152866242	5	500000	2250001	4.29936305732484
1.06	1	10.70457525	1	2500001	3000000	1	2.54777070063694	6	500000	2750001	5.09554140127389
1.07	1	13.34630709	1	3000001	3500000	1	2.07006369426752	7	500000	3250001	4.14012738853503
1.08	1	15.42822366	1	3500001	4000000	1	2.54777070063694	8	500000	3750001	5.09554140127389
1.09	1	17.52476078	1	4000001	4500000	1	1.7515923566879	9	500000	4250001	3.5031847133758
1.1	1	19.45908429	1	4500001	5000000	1	1.7515923566879	10	500000	4750001	3.5031847133758
1.11	1	20.96230877	1	5000001	5500000	1	1.11464968152866	11	500000	5250001	2.22929936305732
1.12	1	21.76359175	1	5500001	6000000	1	1.91082802547771	12	500000	5750001	3.82165605095541
1.13	1	24.0997497	1	6000001	6500000	1	1.43312101910828	13	500000	6250001	2.86624203821656
1.14	1	24.6441558	1	6500001	7000000	1	0.955414012738854	14	500000	6750001	1.91082802547771
1.15	1	25.7222345	1	7000001	7500000	1	1.99044585987261	15	500000	7250001	3.98089171974522
1.16	1	27.76360952	1	7500001	8000000	1	1.35350318471338	16	500000	7750001	2.70700636942675
1.17	1	29.4608095	1	8000001	8500000	1	1.91082802547771	17	500000	8250001	3.82165605095541
1.18	1	31.00526028	1	8500001	9000000	1	1.19426751592357	18	500000	8750001	2.38853503184713
1.19	1	32.1561431	1	9000001	9500000	1	0.71656050955414	19	500000	9250001	1.43312101910828
1.2	1	32.39750964	1	9500001	10000000	1	0.159235668789809	20	500000	9750001	0.318471337579618
1.21	1	32.39750974	1	10000001	10500000	1	0	21	500000	10250001	0
1.22	1	32.39750984	1	10500001	11000000	1	0.557324840764331	22	500000	10750001	1.11464968152866
1.23	1	33.26770998	1	11000001	11500000	1	0.477707006369427	23	500000	11250001	0.955414012738854
1.24	1	33.60640872	1	11500001	12000000	1	0.238853503184713	24	500000	11750001	0.477707006369427
1.25	1	33.86591122	1	12000001	12500000	1	0.71656050955414	25	500000	12250001	1.43312101910828
1.26	1	34.47361799	1	12500001	13000000	1	0.0796178343949045	26	500000	12750001	0.159235668789809
1.27	1	34.47361809	1	13000001	13500000	1	0.0796178343949045	27	500000	13250001	0.159235668789809
1.28	1	34.63296939	1	13500001	14000000	1	0.0796178343949045	28	500000	13750001	0.159235668789809
1.29	1	34.63296949	1	14000001	14500000	1	0	29	500000	14250001	0
1.3	1	34.63296959	1	14500001	15000000	1	0.318471337579618	30	500000	14750001	0.636942675159236
1.31	1	35.59264701	1	15000001	15500000	1	0.636942675159236	31	500000	15250001	1.27388535031847
1.32	1	35.59264711	1	15500001	16000000	1	0	32	500000	15750001	0
1.33	1	35.75203869	1	16000001	16500000	1	0.159235668789809	33	500000	16250001	0.318471337579618
1.34	1	35.75203937	1	16500001	17000000	1	0	34	500000	16750001	0
1.35	1	35.75203947	1	17000001	17500000	1	0	35	500000	17250001	0
1.36	1	35.75203957	1	17500001	18000000	1	0.0796178343949045	36	500000	17750001	0.159235668789809
1.37	1	35.91139342	1	18000001	18500000	1	0.0796178343949045	37	500000	18250001	0.159235668789809
1.38	1	35.91139352	1	18500001	19000000	1	0	38	500000	18750001	0
1.39	1	35.91139362	1	19000001	20000000	1	0	39	1000000	19500001	0
1.4	1	35.91139372	1	20000001	21000000	1	0	40	1000000	20500001	0
1.41	1	35.91139382	1	21000001	22000000	1	0	41	1000000	21500001	0
1.42	1	35.91139392	1	22000001	23000000	1	0	42	1000000	22500001	0
1.43	1	35.91139402	1	23000001	24000000	1	0	43	1000000	23500001	0
1.44	1	35.91139412	1	24000001	25000000	1	0	44	1000000	24500001	0
1.45	1	35.91139422	1	25000001	26000000	1	0	45	1000000	25500001	0
1.46	1	35.91139432	1	26000001	27000000	1	0	46	1000000	26500001	0
1.47	1	35.91139442	1	27000001	28000000	1	0	47	1000000	27500001	0
1.48	1	35.91139452	1	28000001	29000000	1	0	48	1000000	28500001	0
1.49	1	35.91139462	1	29000001	30000000	1	0	49	1000000	29500001	0
1.5	1	35.91139472	1	30000001	31000000	1	0	50	1000000	30500001	0
1.51	1	35.91139482	1	31000001	31500000	1	0	51	500000	31250001	0
1.52	1	35.91139492	1	31500001	32000000	1	0	52	500000	31750001	0
1.53	1	35.91139502	1	32000001	32500000	1	0	53	500000	32250001	0
1.54	1	35.91139512	1	32500001	33000000	1	0	54	500000	32750001	0
1.55	1	35.91139522	1	33000001	33500000	1	0.398089171974522	55	500000	33250001	0.796178343949045
1.56	1	36.39026046	1	33500001	34000000	1	0.159235668789809	56	500000	33750001	0.318471337579618
1.57	1	36.70908922	1	34000001	34500000	1	0.238853503184713	57	500000	34250001	0.477707006369427
1.58	1	36.70908932	1	34500001	35000000	1	0	58	500000	34750001	0
1.59	1	36.86848033	1	35000001	35500000	1	0.159235668789809	59	500000	35250001	0.318471337579618
1.6	1	36.86848436	1	35500001	36000000	1	0	60	500000	35750001	0
1.61	1	36.86848446	1	36000001	36500000	1	0.318471337579618	61	500000	36250001	0.636942675159236
1.62	1	37.52239443	1	36500001	37000000	1	0.636942675159236	62	500000	36750001	1.27388535031847
1.63	1	38.0649507	1	37000001	37500000	1	0.557324840764331	63	500000	37250001	1.11464968152866
1.64	1	38.62499778	1	37500001	38000000	1	0.398089171974522	64	500000	37750001	0.796178343949045
1.65	1	39.37413467	1	38000001	38500000	1	1.91082802547771	65	500000	38250001	3.82165605095541
1.66	1	41.38707971	1	38500001	39000000	1	0.875796178343949	66	500000	38750001	1.7515923566879
1.67	1	41.89994693	1	39000001	39500000	1	0.796178343949045	67	500000	39250001	1.59235668789809
1.68	1	42.83429836	1	39500001	40000000	1	2.22929936305732	68	500000	39750001	4.45859872611465
1.69	1	46.09738913	1	40000001	40500000	1	2.07006369426752	69	500000	40250001	4.14012738853503
1.7	1	47.30037613	1	40500001	41000000	1	2.30891719745223	70	500000	40750001	4.61783439490446
1.71	1	51.1738319	1	41000001	41500000	1	2.70700636942675	71	500000	41250001	5.4140127388535
1.72	1	52.09364149	1	41500001	42000000	1	1.51273885350318	72	500000	41750001	3.02547770700637
1.73	1	54.30983409	1	42000001	42500000	1	2.78662420382166	73	500000	42250001	5.57324840764331
1.74	1	56.92090562	1	42500001	43000000	1	2.62738853503185	74	500000	42750001	5.25477707006369
1.75	1	59.75303956	1	43000001	43500000	1	3.26433121019108	75	500000	43250001	6.52866242038217
1.76	1	63.38663542	1	43500001	44000000	1	2.07006369426752	76	500000	43750001	4.14012738853503
1.77	1	64.11036934	1	44000001	44842349	1	1.91082802547771	77	842349	44421175.5	2.26845170526433
2.01	2	0	2	1	500000	2	0.955414012738854	1	500000	250001	1.91082802547771
2.02	2	1.02	2	500001	1000000	2	2.46815286624204	2	500000	750001	4.93630573248408
2.03	2	3.66	2	1000001	1500000	2	2.30891719745223	3	500000	1250001	4.61783439490446
2.04	2	6.89	2	1500001	2000000	2	3.10509554140127	4	500000	1750001	6.21019108280255
2.05	2	8.39	2	2000001	2500000	2	1.99044585987261	5	500000	2250001	3.98089171974522
2.06	2	10.76	2	2500001	3000000	2	2.22929936305732	6	500000	2750001	4.45859872611465
2.07	2	13.38	2	3000001	3500000	2	1.91082802547771	7	500000	3250001	3.82165605095541
2.08	2	14.3	2	3500001	4000000	2	1.43312101910828	8	500000	3750001	2.86624203821656
2.09	2	16.42	2	4000001	4500000	2	1.11464968152866	9	500000	4250001	2.22929936305732
2.1	2	16.42	2	4500001	5000000	2	0.875796178343949	10	500000	4750001	1.7515923566879
2.11	2	18.45	2	5000001	5500000	2	1.8312101910828	11	500000	5250001	3.6624203821656
2.12	2	19.51	2	5500001	6000000	2	0.477707006369427	12	500000	5750001	0.955414012738854
2.13	2	19.51	2	6000001	6500000	2	0.557324840764331	13	500000	6250001	1.11464968152866
2.14	2	20.24	2	6500001	7000000	2	0.875796178343949	14	500000	6750001	1.7515923566879
2.15	2	21.15	2	7000001	7500000	2	0.557324840764331	15	500000	7250001	1.11464968152866
2.16	2	21.7	2	7500001	8000000	2	0.71656050955414	16	500000	7750001	1.43312101910828
2.17	2	22.43	2	8000001	8500000	2	0.318471337579618	17	500000	8250001	0.636942675159236
2.18	2	22.43	2	8500001	8900000	2	0	18	400000	8700001	0
2.19	2	22.43	2	9000001	9500000	2	0	19	500000	9250001	0
2.2	2	22.43	2	9500001	10000000	2	0	20	500000	9750001	0
2.21	2	22.43	2	10000001	10500000	2	0	21	500000	10250001	0
2.22	2	22.43	2	10500001	11000000	2	0.159235668789809	26	500000	10750001	0.318471337579618
2.23	2	22.43	2	11000001	11500000	2	0	22	500000	11250001	0
2.24	2	22.43	2	11500001	12000000	2	0	23	500000	11750001	0
2.25	2	22.43	2	12000001	12500000	2	0	24	500000	12250001	0
2.26	2	22.43	2	12500001	13000000	2	0	25	500000	12750001	0
2.27	2	22.59	2	13000001	13500000	2	0	27	500000	13250001	0
2.28	2	22.59	2	13500001	14000000	2	0	28	500000	13750001	0
2.29	2	22.59	2	14000001	14500000	2	0	29	500000	14250001	0
2.3	2	22.59	2	14500001	15000000	2	0	30	500000	14750001	0
2.31	2	22.59	2	15000001	15500000	2	0	31	500000	15250001	0
2.32	2	22.59	2	15500001	16000000	2	0	32	500000	15750001	0
2.33	2	22.59	2	16000001	17000000	2	0	33	1000000	16500001	0
2.34	2	22.59	2	17000001	18000000	2	0	34	1000000	17500001	0
2.35	2	22.59	2	18000001	19000000	2	0	35	1000000	18500001	0
2.36	2	22.59	2	19000001	20000000	2	0	36	1000000	19500001	0
2.37	2	22.59	2	20000001	21000000	2	0	37	1000000	20500001	0
2.38	2	22.59	2	21000001	22000000	2	0	38	1000000	21500001	0
2.39	2	22.59	2	22000001	23000000	2	0	39	1000000	22500001	0
2.4	2	22.59	2	23000001	24000000	2	0	40	1000000	23500001	0
2.41	2	22.59	2	24000001	25000000	2	0	41	1000000	24500001	0
2.42	2	22.59	2	25000001	26000000	2	0	42	1000000	25500001	0
2.43	2	22.59	2	26000001	27000000	2	0	43	1000000	26500001	0
2.44	2	22.59	2	27000001	28000000	2	0.0796178343949045	44	1000000	27500001	0.0796178343949045
2.45	2	22.75	2	28000001	29000000	2	0.159235668789809	45	1000000	28500001	0.159235668789809
2.46	2	23.01	2	29000001	30000000	2	0.477707006369427	46	1000000	29500001	0.477707006369427
2.47	2	23.54	2	30000001	31000000	2	0.557324840764331	47	1000000	30500001	0.557324840764331
2.48	2	24.08	2	31000001	32000000	2	0.636942675159236	48	1000000	31500001	0.636942675159236
2.49	2	25.14	2	32000001	33000000	2	0.796178343949045	49	1000000	32500001	0.796178343949045
2.5	2	25.62	2	33000001	34000000	2	1.11464968152866	50	1000000	33500001	1.11464968152866
2.51	2	27.06	2	34000001	35000000	2	1.51273885350318	51	1000000	34500001	1.51273885350318
2.52	2	28.29	2	35000001	35500000	2	1.59235668789809	52	500000	35250001	3.18471337579618
2.53	2	29.55	2	35500001	36000000	2	1.59235668789809	53	500000	35750001	3.18471337579618
2.54	2	31.6	2	36000001	36500000	2	1.7515923566879	54	500000	36250001	3.5031847133758
2.55	2	33.22	2	36500001	37000000	2	2.22929936305732	55	500000	36750001	4.45859872611465
2.56	2	36.01	2	37000001	37500000	2	2.62738853503185	56	500000	37250001	5.25477707006369
2.57	2	38.84	2	37500001	38000000	2	2.14968152866242	57	500000	37750001	4.29936305732484
2.58	2	39.66	2	38000001	38500000	2	0.955414012738854	58	500000	38250001	1.91082802547771
2.59	2	40.74	2	38500001	39000000	2	1.91082802547771	59	500000	38750001	3.82165605095541
2.6	2	43.66	2	39000001	39500000	2	1.99044585987261	60	500000	39250001	3.98089171974522
2.61	2	44.54	2	39500001	40000000	2	3.18471337579618	61	500000	39750001	6.36942675159236
2.62	2	49.43	2	40000001	40500000	2	3.74203821656051	62	500000	40250001	7.48407643312102
2.63	2	52.58	2	40500001	41000000	2	3.18471337579618	63	500000	40750001	6.36942675159236
2.64	2	55.18	2	41000001	41500000	2	3.10509554140127	64	500000	41250001	6.21019108280255
2.65	2	58.58	2	41500001	42000000	2	1.91082802547771	65	500000	41750001	3.82165605095541
2.66	2	60.59	2	42000001	42500000	2	2.70700636942675	66	500000	42250001	5.4140127388535
2.67	2	62.4	2	42500001	43181631	2	1.59235668789809	67	681631	42840816.5	2.33609781230327
3.001	3	2.55653613	3	1	500000	3	2.38853503184713	7	500000	250001	4.77707006369427
3.006	3	0.0000001	3	500001	1000000	3	2.22929936305732	2	500000	750001	4.45859872611465
3.011	3	5.096090869	3	1000001	1500000	3	1.67197452229299	11	500000	1250001	3.34394904458599
3.012	3	8.219387779	3	1500001	2000000	3	2.07006369426752	12	500000	1750001	4.14012738853503
3.013	3	8.561200597	3	2000001	2500000	3	1.99044585987261	13	500000	2250001	3.98089171974522
3.014	3	12.28264557	3	2500001	3000000	3	3.5031847133758	14	500000	2750001	7.00636942675159
3.015	3	15.19714327	3	3000001	3500000	3	1.99044585987261	15	500000	3250001	3.98089171974522
3.016	3	16.40536917	3	3500001	4000000	3	2.38853503184713	16	500000	3750001	4.77707006369427
3.017	3	19.60922105	3	4000001	4500000	3	1.7515923566879	17	500000	4250001	3.5031847133758
3.018	3	20.13325206	3	4500001	5000000	3	0.796178343949045	18	500000	4750001	1.59235668789809
3.019	3	21.00502656	3	5000001	5500000	3	0.557324840764331	19	500000	5250001	1.11464968152866
3.02	3	21.65613829	3	5500001	6000000	3	0.71656050955414	20	500000	5750001	1.43312101910828
3.021	3	22.19145376	3	6000001	6500000	3	0.238853503184713	21	500000	6250001	0.477707006369427
3.022	3	22.191454	3	6500001	7000000	3	1.11464968152866	22	500000	6750001	2.22929936305732
3.023	3	23.45831007	3	7000001	7500000	3	0.71656050955414	23	500000	7250001	1.43312101910828
3.024	3	24.55194708	3	7500001	8000000	3	0.71656050955414	24	500000	7750001	1.43312101910828
3.025	3	24.55194718	3	8000001	8500000	3	0.398089171974522	25	500000	8250001	0.796178343949045
3.026	3	25.03077198	3	8500001	9000000	3	0.159235668789809	26	500000	8750001	0.318471337579618
3.027	3	25.18998474	3	9000001	9500000	3	0.238853503184713	27	500000	9250001	0.477707006369427
3.032	3	26.46525668	3	9500001	10000000	3	0.477707006369427	58	500000	9750001	0.955414012738854
3.037	3	25.98713321	3	10000001	10500000	3	0.159235668789809	53	500000	10250001	0.318471337579618
3.042	3	25.82775783	3	10500001	11000000	3	0.238853503184713	48	500000	10750001	0.477707006369427
3.047	3	26.62462972	3	11000001	11500000	3	0	64	500000	11250001	0
3.052	3	25.66838307	3	11500001	12000000	3	0	42	500000	11750001	0
3.057	3	25.50900902	3	12000001	12500000	3	0.398089171974522	34	500000	12250001	0.796178343949045
3.062	3	26.62463022	3	12500001	13000000	3	0	69	500000	12750001	0
3.067	3	25.66838277	3	13000001	13500000	3	0.398089171974522	39	500000	13250001	0.796178343949045
3.072	3	26.62463092	3	13500001	14000000	3	0	76	500000	13750001	0
3.077	3	26.62463142	3	14000001	14500000	3	0	81	500000	14250001	0
3.078	3	26.62463152	3	14500001	15000000	3	0	82	500000	14750001	0
3.079	3	26.62463162	3	15000001	15500000	3	0	83	500000	15250001	0
3.08	3	26.62463172	3	15500001	16000000	3	0	84	500000	15750001	0
3.081	3	26.62463182	3	16000001	16500000	3	0	85	500000	16250001	0
3.082	3	26.62463192	3	16500001	17000000	3	0	86	500000	16750001	0
3.083	3	26.62463202	3	17000001	17500000	3	0	87	500000	17250001	0
3.084	3	26.62463212	3	17500001	18000000	3	0	88	500000	17750001	0
3.085	3	26.62463222	3	18000001	18500000	3	0	89	500000	18250001	0
3.086	3	26.62463232	3	18500001	19000000	3	0	90	500000	18750001	0
3.087	3	26.62463242	3	19000001	19500000	3	0	91	500000	19250001	0
3.088	3	26.62463252	3	19500001	20000000	3	0	92	500000	19750001	0
3.089	3	26.62463262	3	20000001	20500000	3	0	93	500000	20250001	0
3.09	3	26.62463272	3	20500001	21000000	3	0	94	500000	20750001	0
3.091	3	26.62463282	3	21000001	21500000	3	0	95	500000	21250001	0
3.096	3	25.50900932	3	21500001	22000000	3	0.0796178343949045	37	500000	21750001	0.159235668789809
3.101	3	26.62463352	3	22000001	22500000	3	0	102	500000	22250001	0
3.102	3	26.62463362	3	22500001	23000000	3	0	103	500000	22750001	0
3.103	3	26.62463372	3	23000001	23500000	3	0	104	500000	23250001	0
3.104	3	26.62463382	3	23500001	24000000	3	0	105	500000	23750001	0
3.105	3	26.62463392	3	24000001	24500000	3	0	106	500000	24250001	0
3.106	3	26.62463402	3	24500001	25000000	3	0.159235668789809	107	500000	24750001	0.318471337579618
3.111	3	26.62463442	3	25000001	25500000	3	0	111	500000	25250001	0
3.116	3	26.62463492	3	25500001	26000000	3	0	116	500000	25750001	0
3.117	3	26.62463502	3	26000001	26500000	3	0	117	500000	26250001	0
3.118	3	27.10358862	3	26500001	27000000	3	0.0796178343949045	121	500000	26750001	0.159235668789809
3.119	3	27.10358852	3	27000001	27500000	3	0	120	500000	27250001	0
3.12	3	26.62463512	3	27500001	28000000	3	0.159235668789809	118	500000	27750001	0.318471337579618
3.121	3	27.10358842	3	28000001	28500000	3	0.318471337579618	119	500000	28250001	0.636942675159236
3.122	3	27.74282127	3	28500001	29000000	3	0.557324840764331	122	500000	28750001	1.11464968152866
3.123	3	28.22119056	3	29000001	29500000	3	0.159235668789809	125	500000	29250001	0.318471337579618
3.124	3	27.74282137	3	29500001	30000000	3	0.159235668789809	123	500000	29750001	0.318471337579618
3.125	3	28.06189459	3	30000001	30500000	3	0.238853503184713	124	500000	30250001	0.477707006369427
3.126	3	28.38048651	3	30500001	31000000	3	0.238853503184713	126	500000	30750001	0.477707006369427
3.127	3	28.6995244	3	31000001	31500000	3	0.398089171974522	127	500000	31250001	0.796178343949045
3.128	3	29.17873663	3	31500001	32000000	3	0.318471337579618	128	500000	31750001	0.636942675159236
3.129	3	29.36907535	3	32000001	32500000	3	0.477707006369427	129	500000	32250001	0.955414012738854
3.13	3	30.14335863	3	32500001	33000000	3	0.796178343949045	130	500000	32750001	1.59235668789809
3.131	3	30.86340692	3	33000001	33500000	3	0.636942675159236	131	500000	33250001	1.27388535031847
3.132	3	31.47687096	3	33500001	34000000	3	0.71656050955414	132	500000	33750001	1.43312101910828
3.133	3	32.46967312	3	34000001	34500000	3	1.51273885350318	133	500000	34250001	3.02547770700637
3.134	3	33.40137115	3	34500001	35000000	3	1.03503184713376	134	500000	34750001	2.07006369426752
3.135	3	34.78299736	3	35000001	35500000	3	1.59235668789809	135	500000	35250001	3.18471337579618
3.136	3	37.30761675	3	35500001	36000000	3	2.14968152866242	136	500000	35750001	4.29936305732484
3.137	3	38.18190395	3	36000001	36500000	3	2.38853503184713	137	500000	36250001	4.77707006369427
3.138	3	41.71926336	3	36500001	37000000	3	3.34394904458599	138	500000	36750001	6.68789808917197
3.139	3	43.52679896	3	37000001	37500000	3	3.10509554140127	139	500000	37250001	6.21019108280255
3.14	3	47.90745255	3	37500001	38000000	3	3.42356687898089	140	500000	37750001	6.84713375796178
3.141	3	50.44042476	3	38000001	38500000	3	2.94585987261146	141	500000	38250001	5.89171974522293
3.142	3	52.45796116	3	38500001	39000000	3	1.59235668789809	142	500000	38750001	3.18471337579618
3.143	3	54.09129166	3	39000001	39500000	3	1.91082802547771	143	500000	39250001	3.82165605095541
3.144	3	56.39927703	3	39500001	40000000	3	2.07006369426752	144	500000	39750001	4.14012738853503
3.145	3	58.20421556	3	40000001	40500000	3	2.14968152866242	145	500000	40250001	4.29936305732484
3.146	3	61.49598658	3	40500001	41000000	3	2.38853503184713	146	500000	40750001	4.77707006369427
3.147	3	62.49169414	3	41000001	41500000	3	2.78662420382166	147	500000	41250001	5.57324840764331
3.148	3	66.11005265	3	41500001	42000000	3	2.38853503184713	148	500000	41750001	4.77707006369427
3.149	3	67.88454716	3	42000001	42709656	3	1.27388535031847	149	709656	42354829	1.79507444496837
4.001	4	0	4	1	500000	4	2.14968152866242	1	500000	250001	4.29936305732484
4.002	4	1.45	4	500001	1000000	4	2.07006369426752	2	500000	750001	4.14012738853503
4.003	4	4.26	4	1000001	1500000	4	4.61783439490446	3	500000	1250001	9.23566878980892
4.004	4	9.29	4	1500001	2000000	4	4.53821656050955	4	500000	1750001	9.07643312101911
4.005	4	14.62	4	2000001	2500000	4	3.98089171974522	5	500000	2250001	7.96178343949045
4.006	4	16.23	4	2500001	3000000	4	1.59235668789809	6	500000	2750001	3.18471337579618
4.007	4	18.53	4	3000001	3500000	4	2.22929936305732	7	500000	3250001	4.45859872611465
4.008	4	19.67	4	3500001	4000000	4	1.8312101910828	8	500000	3750001	3.6624203821656
4.009	4	22.22	4	4000001	4500000	4	2.54777070063694	9	500000	4250001	5.09554140127389
4.01	4	24.47	4	4500001	5000000	4	1.35350318471338	10	500000	4750001	2.70700636942675
4.011	4	25.03	4	5000001	5500000	4	1.27388535031847	11	500000	5250001	2.54777070063694
4.016	4	45.39	4	5500001	6000000	4	0.796178343949045	110	500000	5750001	1.59235668789809
4.021	4	27.39	4	6000001	6500000	4	1.51273885350318	19	500000	6250001	3.02547770700637
4.022	4	28.9	4	6500001	7000000	4	0.955414012738854	20	500000	6750001	1.91082802547771
4.023	4	29.74	4	7000001	7500000	4	0.955414012738854	21	500000	7250001	1.91082802547771
4.024	4	31.09	4	7500001	8000000	4	1.11464968152866	22	500000	7750001	2.22929936305732
4.025	4	31.64	4	8000001	8500000	4	0.238853503184713	23	500000	8250001	0.477707006369427
4.026	4	31.64	4	8500001	9000000	4	1.91082802547771	24	500000	8750001	3.82165605095541
4.027	4	34.16	4	9000001	9500000	4	1.19426751592357	25	500000	9250001	2.38853503184713
4.028	4	34.76	4	9500001	10000000	4	0.636942675159236	26	500000	9750001	1.27388535031847
4.029	4	35.59	4	10000001	10500000	4	0.636942675159236	27	500000	10250001	1.27388535031847
4.03	4	35.81	4	10500001	11000000	4	0.557324840764331	28	500000	10750001	1.11464968152866
4.031	4	37.05	4	11000001	11500000	4	0.875796178343949	29	500000	11250001	1.7515923566879
4.032	4	37.26	4	11500001	12000000	4	0.238853503184713	30	500000	11750001	0.477707006369427
4.033	4	37.58	4	12000001	12500000	4	0.238853503184713	31	500000	12250001	0.477707006369427
4.034	4	37.97	4	12500001	13000000	4	0.636942675159236	32	500000	12750001	1.27388535031847
4.035	4	38.85	4	13000001	14000000	4	0.238853503184713	38	1000000	13500001	0.238853503184713
4.036	4	38.85	4	14000001	15000000	4	0	37	1000000	14500001	0
4.037	4	38.85	4	15000001	16000000	4	0	36	1000000	15500001	0
4.038	4	38.85	4	16000001	17000000	4	0.238853503184713	35	1000000	16500001	0.238853503184713
4.039	4	38.37	4	17000001	17500000	4	0.398089171974522	34	500000	17250001	0.796178343949045
4.044	4	45.39	4	17500001	18000000	4	0.636942675159236	108	500000	17750001	1.27388535031847
4.049	4	40.13	4	18000001	18500000	4	0.557324840764331	42	500000	18250001	1.11464968152866
4.054	4	40.29	4	18500001	19000000	4	0.398089171974522	47	500000	18750001	0.796178343949045
4.059	4	40.77	4	19000001	19500000	4	0.477707006369427	48	500000	19250001	0.955414012738854
4.064	4	41.57	4	19500001	20000000	4	0.477707006369427	58	500000	19750001	0.955414012738854
4.069	4	41.41	4	20000001	20500000	4	0.557324840764331	56	500000	20250001	1.11464968152866
4.074	4	42.36	4	20500001	21000000	4	0.398089171974522	64	500000	20750001	0.796178343949045
4.079	4	42.52	4	21000001	21500000	4	0.318471337579618	67	500000	21250001	0.636942675159236
4.084	4	43	4	21500001	22000000	4	0.71656050955414	78	500000	21750001	1.43312101910828
4.089	4	43.92	4	22000001	22500000	4	0.955414012738854	80	500000	22250001	1.91082802547771
4.094	4	44.6	4	22500001	23000000	4	0.159235668789809	85	500000	22750001	0.318471337579618
4.099	4	44.92	4	23000001	23500000	4	0.0796178343949045	93	500000	23250001	0.159235668789809
4.104	4	44.92	4	23500001	24000000	4	0.159235668789809	95	500000	23750001	0.318471337579618
4.109	4	44.92	4	24000001	24500000	4	0	97	500000	24250001	0
4.11	4	45	4	24500001	25000000	4	0.159235668789809	98	500000	24750001	0.318471337579618
4.111	4	45.08	4	25000001	25500000	4	0	99	500000	25250001	0
4.112	4	45.08	4	25500001	26000000	4	0.0796178343949045	100	500000	25750001	0.159235668789809
4.113	4	45.24	4	26000001	27000000	4	0.0796178343949045	101	1000000	26500001	0.0796178343949045
4.114	4	45.39	4	27000001	28000000	4	0	114	1000000	27500001	0
4.115	4	45.39	4	28000001	29000000	4	0	115	1000000	28500001	0
4.116	4	45.39	4	29000001	30000000	4	0	116	1000000	29500001	0
4.117	4	45.39	4	30000001	31000000	4	0.159235668789809	117	1000000	30500001	0.159235668789809
4.118	4	45.71	4	31000001	32000000	4	0.318471337579618	118	1000000	31500001	0.318471337579618
4.119	4	46.03	4	32000001	33000000	4	0.159235668789809	119	1000000	32500001	0.159235668789809
4.12	4	46.03	4	33000001	34000000	4	0	120	1000000	33500001	0
4.121	4	46.03	4	34000001	35000000	4	0.398089171974522	121	1000000	34500001	0.398089171974522
4.122	4	46.67	4	35000001	35500000	4	0.398089171974522	122	500000	35250001	0.796178343949045
4.123	4	47.05	4	35500001	36000000	4	0.477707006369427	123	500000	35750001	0.955414012738854
4.124	4	47.63	4	36000001	36500000	4	0.318471337579618	124	500000	36250001	0.636942675159236
4.125	4	48.27	4	36500001	37000000	4	0.477707006369427	128	500000	36750001	0.955414012738854
4.126	4	47.63	4	37000001	37500000	4	0.0796178343949045	125	500000	37250001	0.159235668789809
4.127	4	47.79	4	37500001	38000000	4	0.0796178343949045	126	500000	37750001	0.159235668789809
4.128	4	47.79	4	38000001	38500000	4	0.238853503184713	127	500000	38250001	0.477707006369427
4.129	4	48.71	4	38500001	39000000	4	1.19426751592357	129	500000	38750001	2.38853503184713
4.13	4	49.95	4	39000001	39500000	4	1.19426751592357	130	500000	39250001	2.38853503184713
4.131	4	51.19	4	39500001	40000000	4	1.03503184713376	131	500000	39750001	2.07006369426752
4.132	4	51.99	4	40000001	40500000	4	2.38853503184713	132	500000	40250001	4.77707006369427
4.133	4	54.37	4	40500001	41000000	4	1.43312101910828	133	500000	40750001	2.86624203821656
4.134	4	57.64	4	41000001	41500000	4	2.86624203821656	134	500000	41250001	5.73248407643312
4.135	4	58.26	4	41500001	42000000	4	0.318471337579618	135	500000	41750001	0.636942675159236
4.136	4	58.67	4	42000001	42500000	4	2.86624203821656	136	500000	42250001	5.73248407643312
4.137	4	64.5	4	42500001	43000000	4	4.93630573248408	137	500000	42750001	9.87261146496815
4.138	4	67.1	4	43000001	43500000	4	3.02547770700637	138	500000	43250001	6.05095541401274
4.139	4	71.75	4	43500001	44000000	4	5.3343949044586	139	500000	43750001	10.6687898089172
4.14	4	76.61	4	44000001	44500000	4	5.73248407643312	140	500000	44250001	11.4649681528662
4.141	4	83.13	4	44500001	45000000	4	7.72292993630573	141	500000	44750001	15.4458598726115
4.142	4	88.31	4	45000001	45830269	4	3.18471337579618	142	830269	45415135.5	3.83576091097726
5.01	5	0	5	1	500000	5	0.557324840764331	1	500000	250001	1.11464968152866
5.02	5	0.22	5	500001	1000000	5	2.07006369426752	2	500000	750001	4.14012738853503
5.03	5	3.56	5	1000001	1500000	5	2.22929936305732	3	500000	1250001	4.45859872611465
5.04	5	4.78	5	1500001	2000000	5	2.86624203821656	4	500000	1750001	5.73248407643312
5.05	5	8.76	5	2000001	2500000	5	3.26433121019108	5	500000	2250001	6.52866242038217
5.06	5	11.88	5	2500001	3000000	5	3.10509554140127	6	500000	2750001	6.21019108280255
5.07	5	15.06	5	3000001	3500000	5	2.62738853503185	7	500000	3250001	5.25477707006369
5.08	5	18.48	5	3500001	4000000	5	3.26433121019108	8	500000	3750001	6.52866242038217
5.09	5	19.97	5	4000001	4500000	5	1.51273885350318	9	500000	4250001	3.02547770700637
5.1	5	21.97	5	4500001	5000000	5	2.38853503184713	10	500000	4750001	4.77707006369427
5.11	5	24.5	5	5000001	5500000	5	1.67197452229299	11	500000	5250001	3.34394904458599
5.12	5	25.75	5	5500001	6000000	5	1.67197452229299	12	500000	5750001	3.34394904458599
5.13	5	27.16	5	6000001	6500000	5	1.7515923566879	13	500000	6250001	3.5031847133758
5.14	5	29.24	5	6500001	7000000	5	2.07006369426752	14	500000	6750001	4.14012738853503
5.15	5	31.25	5	7000001	7400000	5	2.07006369426752	15	400000	7200001	5.17515923566879
5.17	5	34.5	5	7700001	8500000	5	2.94585987261146	16	800000	8100001	3.68232484076433
5.18	5	35.91	5	8500001	9000000	5	1.19426751592357	17	500000	8750001	2.38853503184713
5.19	5	37.56	5	9000001	9500000	5	1.19426751592357	18	500000	9250001	2.38853503184713
5.2	5	37.93	5	9500001	10000000	5	0.796178343949045	19	500000	9750001	1.59235668789809
5.21	5	39.25	5	10000001	10500000	5	0.636942675159236	21	500000	10250001	1.27388535031847
5.22	5	39.95	5	10500001	11000000	5	0.477707006369427	22	500000	10750001	0.955414012738854
5.23	5	40.59	5	11000001	11500000	5	0.398089171974522	23	500000	11250001	0.796178343949045
5.24	5	40.77	5	11500001	12000000	5	0.557324840764331	24	500000	11750001	1.11464968152866
5.25	5	41.81	5	12000001	12500000	5	0.71656050955414	25	500000	12250001	1.43312101910828
5.26	5	42.03	5	12500001	13000000	5	0.0796178343949045	26	500000	12750001	0.159235668789809
5.27	5	42.03	5	13000001	13500000	5	0.238853503184713	27	500000	13250001	0.477707006369427
5.28	5	42.5	5	13500001	14000000	5	0.875796178343949	28	500000	13750001	1.7515923566879
5.29	5	44.1	5	14000001	14500000	5	0	38	500000	14250001	0
5.3	5	39.25	5	14500001	15000000	5	0.71656050955414	20	500000	14750001	1.43312101910828
5.31	5	43.62	5	15000001	15500000	5	0.238853503184713	35	500000	15250001	0.477707006369427
5.32	5	43.62	5	15500001	16000000	5	0	34	500000	15750001	0
5.33	5	43.62	5	16000001	17000000	5	0.0796178343949045	33	1000000	16500001	0.0796178343949045
5.34	5	43.47	5	17000001	18000000	5	0.0796178343949045	32	1000000	17500001	0.0796178343949045
5.35	5	43.47	5	18000001	19000000	5	0	31	1000000	18500001	0
5.36	5	43.47	5	19000001	20000000	5	0	30	1000000	19500001	0
5.37	5	43.47	5	20000001	21000000	5	0.318471337579618	29	1000000	20500001	0.318471337579618
5.38	5	44.1	5	21000001	22000000	5	0.238853503184713	36	1000000	21500001	0.238853503184713
5.39	5	44.1	5	22000001	23000000	5	0	37	1000000	22500001	0
5.4	5	44.1	5	23000001	24000000	5	0	39	1000000	23500001	0
5.41	5	44.1	5	24000001	25000000	5	0	40	1000000	24500001	0
5.42	5	44.1	5	25000001	26000000	5	0	41	1000000	25500001	0
5.43	5	44.1	5	26000001	27000000	5	0	42	1000000	26500001	0
5.44	5	44.1	5	27000001	28000000	5	0	43	1000000	27500001	0
5.45	5	44.1	5	28000001	29000000	5	0	44	1000000	28500001	0
5.46	5	44.1	5	29000001	30000000	5	0	45	1000000	29500001	0
5.47	5	44.1	5	30000001	31000000	5	0	46	1000000	30500001	0
5.48	5	44.26	5	31000001	31500000	5	0.159235668789809	47	500000	31250001	0.318471337579618
5.49	5	44.26	5	31500001	32000000	5	0	48	500000	31750001	0
5.5	5	44.26	5	32000001	32500000	5	0	49	500000	32250001	0
5.51	5	44.26	5	32500001	33000000	5	0	50	500000	32750001	0
5.52	5	44.26	5	33000001	33500000	5	0	51	500000	33250001	0
5.53	5	44.26	5	33500001	34000000	5	0.159235668789809	52	500000	33750001	0.318471337579618
5.54	5	44.42	5	34000001	34500000	5	0.159235668789809	53	500000	34250001	0.318471337579618
5.55	5	44.83	5	34500001	35000000	5	0.398089171974522	54	500000	34750001	0.796178343949045
5.56	5	45.16	5	35000001	35500000	5	0.636942675159236	55	500000	35250001	1.27388535031847
5.57	5	45.86	5	35500001	36000000	5	0.398089171974522	56	500000	35750001	0.796178343949045
5.58	5	46.18	5	36000001	36500000	5	0.318471337579618	57	500000	36250001	0.636942675159236
5.59	5	46.56	5	36500001	37000000	5	0.477707006369427	58	500000	36750001	0.955414012738854
5.6	5	47.12	5	37000001	37500000	5	0.875796178343949	59	500000	37250001	1.7515923566879
5.61	5	48.38	5	37500001	38000000	5	1.03503184713376	60	500000	37750001	2.07006369426752
5.62	5	48.95	5	38000001	38500000	5	0.71656050955414	61	500000	38250001	1.43312101910828
5.63	5	50.07	5	38500001	39000000	5	0.875796178343949	62	500000	38750001	1.7515923566879
5.64	5	50.68	5	39000001	39500000	5	1.03503184713376	63	500000	39250001	2.07006369426752
5.65	5	51.69	5	39500001	40000000	5	1.11464968152866	64	500000	39750001	2.22929936305732
5.66	5	52.94	5	40000001	40500000	5	0.955414012738854	65	500000	40250001	1.91082802547771
5.67	5	53.35	5	40500001	41000000	5	0.71656050955414	66	500000	40750001	1.43312101910828
5.68	5	54.4	5	41000001	41500000	5	1.11464968152866	67	500000	41250001	2.22929936305732
5.69	5	55.55	5	41500001	42000000	5	1.35350318471338	68	500000	41750001	2.70700636942675
5.7	5	57.08	5	42000001	42500000	5	2.30891719745223	69	500000	42250001	4.61783439490446
5.71	5	59.93	5	42500001	43000000	5	2.07006369426752	70	500000	42750001	4.14012738853503
5.72	5	61.69	5	43000001	43500000	5	2.46815286624204	71	500000	43250001	4.93630573248408
5.73	5	64.68	5	43500001	44000000	5	3.10509554140127	72	500000	43750001	6.21019108280255
5.74	5	66.55	5	44000001	44547717	5	0.796178343949045	73	547717	44273859.5	1.45363087862718
6.01	6	0	6	1	500000	6	0.875796178343949	1	500000	250001	1.7515923566879
6.02	6	1.08	6	500001	1000000	6	3.82165605095541	2	500000	750001	7.64331210191083
6.03	6	6.93	6	1000001	1500000	6	4.45859872611465	3	500000	1250001	8.9171974522293
6.04	6	11.28	6	1500001	2000000	6	4.53821656050955	4	500000	1750001	9.07643312101911
6.05	6	13.99	6	2000001	2500000	6	3.42356687898089	5	500000	2250001	6.84713375796178
6.06	6	18.3	6	2500001	3000000	6	3.42356687898089	6	500000	2750001	6.84713375796178
6.07	6	20.98	6	3000001	3500000	6	2.46815286624204	7	500000	3250001	4.93630573248408
6.08	6	22.98	6	3500001	4000000	6	2.54777070063694	8	500000	3750001	5.09554140127389
6.09	6	26.63	6	4000001	4500000	6	2.86624203821656	9	500000	4250001	5.73248407643312
6.1	6	28.12	6	4500001	5000000	6	1.03503184713376	10	500000	4750001	2.07006369426752
6.11	6	29.38	6	5000001	5500000	6	1.99044585987261	11	500000	5250001	3.98089171974522
6.12	6	32.12	6	5500001	6000000	6	2.94585987261146	12	500000	5750001	5.89171974522293
6.13	6	34.1	6	6000001	6500000	6	1.35350318471338	13	500000	6250001	2.70700636942675
6.14	6	35.09	6	6500001	7000000	6	1.43312101910828	14	500000	6750001	2.86624203821656
6.15	6	36.87	6	7000001	7500000	6	1.91082802547771	15	500000	7250001	3.82165605095541
6.16	6	38.66	6	7500001	8000000	6	1.59235668789809	16	500000	7750001	3.18471337579618
6.17	6	40.3	6	8000001	8500000	6	1.51273885350318	17	500000	8250001	3.02547770700637
6.18	6	41.57	6	8500001	9000000	6	0.71656050955414	18	500000	8750001	1.43312101910828
6.19	6	41.77	6	9000001	9500000	6	0.159235668789809	19	500000	9250001	0.318471337579618
6.2	6	41.93	6	9500001	10000000	6	0.159235668789809	20	500000	9750001	0.318471337579618
6.21	6	42.13	6	10000001	10500000	6	0.477707006369427	21	500000	10250001	0.955414012738854
6.22	6	42.73	6	10500001	11000000	6	0.398089171974522	22	500000	10750001	0.796178343949045
6.23	6	43.05	6	11000001	11500000	6	0.159235668789809	23	500000	11250001	0.318471337579618
6.24	6	43.21	6	11500001	12000000	6	0.159235668789809	24	500000	11750001	0.318471337579618
6.25	6	43.21	6	12000001	13000000	6	0	25	1000000	12500001	0
6.26	6	43.21	6	13000001	14000000	6	0	26	1000000	13500001	0
6.27	6	43.21	6	14000001	15000000	6	0	27	1000000	14500001	0
6.28	6	43.21	6	15000001	16000000	6	0	28	1000000	15500001	0
6.29	6	43.21	6	16000001	17000000	6	0	29	1000000	16500001	0
6.3	6	43.21	6	17000001	18000000	6	0	30	1000000	17500001	0
6.31	6	43.21	6	18000001	19000000	6	0	31	1000000	18500001	0
6.32	6	43.21	6	19000001	19500000	6	0	32	500000	19250001	0
6.33	6	43.21	6	19500001	19800000	6	0	33	300000	19650001	0
6.35	6	43.21	6	20000001	21000000	6	0	34	1000000	20500001	0
6.36	6	43.21	6	21000001	22000000	6	0	35	1000000	21500001	0
6.37	6	43.21	6	22000001	23000000	6	0	36	1000000	22500001	0
6.38	6	43.21	6	23000001	24000000	6	0.318471337579618	37	1000000	23500001	0.318471337579618
6.39	6	43.53	6	24000001	25000000	6	0.0796178343949045	38	1000000	24500001	0.0796178343949045
6.4	6	43.69	6	25000001	26000000	6	0.0796178343949045	39	1000000	25500001	0.0796178343949045
6.41	6	43.69	6	26000001	26500000	6	0.238853503184713	40	500000	26250001	0.477707006369427
6.42	6	44.09	6	26500001	27000000	6	0.796178343949045	41	500000	26750001	1.59235668789809
6.43	6	45.24	6	27000001	27500000	6	0.636942675159236	42	500000	27250001	1.27388535031847
6.44	6	45.73	6	27500001	28000000	6	0.955414012738854	43	500000	27750001	1.91082802547771
6.45	6	46.62	6	28000001	28500000	6	0.71656050955414	44	500000	28250001	1.43312101910828
6.46	6	47.71	6	28500001	29000000	6	1.03503184713376	45	500000	28750001	2.07006369426752
6.47	6	48.35	6	29000001	29500000	6	0.557324840764331	46	500000	29250001	1.11464968152866
6.48	6	48.76	6	29500001	30424310	6	0.477707006369427	47	924310	29962156	0.516825530795325
7.001	7	0	7	1	500000	7	0.71656050955414	1	500000	250001	1.43312101910828
7.002	7	1.08	7	500001	1000000	7	3.18471337579618	2	500000	750001	6.36942675159236
7.003	7	5.6	7	1000001	1500000	7	3.34394904458599	3	500000	1250001	6.68789808917197
7.004	7	8.89	7	1500001	2000000	7	3.18471337579618	4	500000	1750001	6.36942675159236
7.005	7	11.67	7	2000001	2500000	7	2.86624203821656	5	500000	2250001	5.73248407643312
7.006	7	14.25	7	2500001	3000000	7	2.62738853503185	6	500000	2750001	5.25477707006369
7.007	7	17.04	7	3000001	3500000	7	2.62738853503185	7	500000	3250001	5.25477707006369
7.008	7	18.35	7	3500001	4000000	7	2.30891719745223	8	500000	3750001	4.61783439490446
7.009	7	21.51	7	4000001	4500000	7	1.91082802547771	9	500000	4250001	3.82165605095541
7.01	7	23.07	7	4500001	5000000	7	2.46815286624204	10	500000	4750001	4.93630573248408
7.011	7	25.34	7	5000001	5500000	7	1.7515923566879	11	500000	5250001	3.5031847133758
7.012	7	26.62	7	5500001	6000000	7	1.35350318471338	12	500000	5750001	2.70700636942675
7.013	7	28.37	7	6000001	6500000	7	2.38853503184713	13	500000	6250001	4.77707006369427
7.014	7	30.95	7	6500001	7000000	7	1.67197452229299	14	500000	6750001	3.34394904458599
7.015	7	32.27	7	7000001	7500000	7	1.43312101910828	15	500000	7250001	2.86624203821656
7.016	7	33.42	7	7500001	8000000	7	1.27388535031847	16	500000	7750001	2.54777070063694
7.017	7	35.55	7	8000001	8500000	7	1.67197452229299	17	500000	8250001	3.34394904458599
7.018	7	36.09	7	8500001	9000000	7	0.159235668789809	18	500000	8750001	0.318471337579618
7.019	7	36.09	7	9000001	9500000	7	0.636942675159236	19	500000	9250001	1.27388535031847
7.02	7	37.19	7	9500001	10000000	7	0.557324840764331	20	500000	9750001	1.11464968152866
7.022	7	37.37	7	10200001	10700000	7	0.159235668789809	21	500000	10450001	0.318471337579618
7.023	7	37.69	7	10700001	11200000	7	0.238853503184713	22	500000	10950001	0.477707006369427
7.024	7	37.69	7	11200001	11700000	7	0.318471337579618	23	500000	11450001	0.636942675159236
7.025	7	38.33	7	11700001	12200000	7	0.318471337579618	24	500000	11950001	0.636942675159236
7.026	7	38.33	7	12200001	12700000	7	0.398089171974522	25	500000	12450001	0.796178343949045
7.027	7	39.05	7	12700001	13100000	7	0.477707006369427	26	400000	12900001	1.19426751592357
7.029	7	39.29	7	13150001	13500000	7	0.0796178343949045	27	350000	13325001	0.227479526842584
7.03	7	39.29	7	13500001	14000000	7	0.0796178343949045	28	500000	13750001	0.159235668789809
7.031	7	39.61	7	14000001	14500000	7	0.238853503184713	29	500000	14250001	0.477707006369427
7.032	7	39.61	7	14500001	15000000	7	0	30	500000	14750001	0
7.033	7	39.61	7	15000001	16000000	7	0.238853503184713	31	1000000	15500001	0.238853503184713
7.034	7	39.92	7	16000001	17000000	7	0.0796178343949045	32	1000000	16500001	0.0796178343949045
7.035	7	39.92	7	17000001	18000000	7	0	33	1000000	17500001	0
7.036	7	39.92	7	18000001	19000000	7	0	34	1000000	18500001	0
7.037	7	39.92	7	19000001	20000000	7	0	35	1000000	19500001	0
7.038	7	39.92	7	20000001	21000000	7	0	36	1000000	20500001	0
7.039	7	39.92	7	21000001	22000000	7	0	37	1000000	21500001	0
7.04	7	39.92	7	22000001	23000000	7	0	38	1000000	22500001	0
7.041	7	39.92	7	23000001	24000000	7	0	39	1000000	23500001	0
7.042	7	39.92	7	24000001	25000000	7	0	40	1000000	24500001	0
7.043	7	39.92	7	25000001	25500000	7	0	41	500000	25250001	0
7.048	7	39.92	7	25500001	26000000	7	0.0796178343949045	46	500000	25750001	0.159235668789809
7.053	7	40.4	7	26000001	26500000	7	0.318471337579618	82	500000	26250001	0.636942675159236
7.058	7	39.92	7	26500001	27000000	7	0	51	500000	26750001	0
7.063	7	39.92	7	27000001	27500000	7	0	56	500000	27250001	0
7.064	7	39.92	7	27500001	28000000	7	0	57	500000	27750001	0
7.065	7	39.92	7	28000001	28500000	7	0	58	500000	28250001	0
7.066	7	39.92	7	28500001	29000000	7	0	59	500000	28750001	0
7.069	7	39.92	7	29000001	29500000	7	0	60	500000	29250001	0
7.072	7	39.92	7	29500001	30000000	7	0	63	500000	29750001	0
7.077	7	39.92	7	30000001	30500000	7	0	68	500000	30250001	0
7.082	7	39.92	7	30500001	31000000	7	0.318471337579618	73	500000	30750001	0.636942675159236
7.087	7	40.24	7	31000001	31500000	7	0	78	500000	31250001	0
7.088	7	40.24	7	31500001	32000000	7	0.0796178343949045	79	500000	31750001	0.159235668789809
7.089	7	40.72	7	32000001	32500000	7	0.318471337579618	85	500000	32250001	0.636942675159236
7.09	7	40.72	7	32500001	33000000	7	0	86	500000	32750001	0
7.091	7	40.72	7	33000001	33500000	7	0.159235668789809	87	500000	33250001	0.318471337579618
7.092	7	40.88	7	33500001	34000000	7	0.238853503184713	88	500000	33750001	0.477707006369427
7.093	7	46.64	7	34000001	34500000	7	0.557324840764331	96	500000	34250001	1.11464968152866
7.094	7	41.36	7	34500001	35000000	7	0.557324840764331	89	500000	34750001	1.11464968152866
7.095	7	42.16	7	35000001	35500000	7	0.477707006369427	90	500000	35250001	0.955414012738854
7.096	7	42.16	7	35500001	36000000	7	0.71656050955414	91	500000	35750001	1.43312101910828
7.097	7	43.32	7	36000001	36500000	7	0.796178343949045	92	500000	36250001	1.59235668789809
7.098	7	44.04	7	36500001	37000000	7	0.477707006369427	93	500000	36750001	0.955414012738854
7.099	7	44.29	7	37000001	37500000	7	0.796178343949045	94	500000	37250001	1.59235668789809
7.1	7	45.53	7	37500001	38000000	7	1.19426751592357	95	500000	37750001	2.38853503184713
7.101	7	46.87	7	38000001	38500000	7	0.955414012738854	97	500000	38250001	1.91082802547771
7.102	7	48.19	7	38500001	39000000	7	0.875796178343949	98	500000	38750001	1.7515923566879
7.103	7	49	7	39000001	39500000	7	1.51273885350318	99	500000	39250001	3.02547770700637
7.104	7	51.54	7	39500001	40000000	7	2.14968152866242	100	500000	39750001	4.29936305732484
7.105	7	53.02	7	40000001	40500000	7	1.51273885350318	101	500000	40250001	3.02547770700637
7.106	7	54.33	7	40500001	41000000	7	2.07006369426752	102	500000	40750001	4.14012738853503
7.107	7	57.84	7	41000001	41500000	7	3.34394904458599	103	500000	41250001	6.68789808917197
7.108	7	60.81	7	41500001	42000000	7	3.5031847133758	104	500000	41750001	7.00636942675159
7.109	7	63.95	7	42000001	42500000	7	3.34394904458599	105	500000	42250001	6.68789808917197
7.11	7	68.1	7	42500001	43000000	7	3.10509554140127	106	500000	42750001	6.21019108280255
7.111	7	69.39	7	43000001	43571201	7	1.43312101910828	107	571201	43285601.5	2.50896097714864
